Ordenación por inserción:
Inicialización aleatoria
[   9  -8   3  -8   6  10  -1   6  -7  11   5 ]
Ordenado? 0
Ordenado:
[  -8  -8  -7  -1   3   5   6   6   9  10  11 ]
Inicialización descendente
[  10   9   8   7   6   5   4   3   2   1   0 ]
Ordenado? 0
Ordenado:
[   0   1   2   3   4   5   6   7   8   9  10 ]
Inicialización ascendente
[   0   1   2   3   4   5   6   7   8   9  10 ]
Ordenado? 1

Ordenación por quicksort:
Inicialización aleatoria
[   8  -4 -10   4  -5  -3  10   3   4  -6  -5 ]
Ordenado? 0
Ordenado:
[ -10  -6  -5  -5  -4  -3   3   4   4   8  10 ]
Inicialización descendente
[  10   9   8   7   6   5   4   3   2   1   0 ]
Ordenado? 0
Ordenado:
[   0   1   2   3   4   5   6   7   8   9  10 ]
Inicialización ascendente
[   0   1   2   3   4   5   6   7   8   9  10 ]
Ordenado? 1


Ordenación por inserción, inicialización ascendente
    n             t(n)            t/n^0.90          t/n^1.00          t/n^1.10
#   500         4.4960000         0.0167399         0.0089920         0.0048301
#  1000         8.2410000         0.0164430         0.0082410         0.0041303
#  2000        14.3410000         0.0153339         0.0071705         0.0033531
#  4000        21.8460000         0.0125175         0.0054615         0.0023829
#  8000        40.7610000         0.0125160         0.0050951         0.0020742
# 16000        83.5470000         0.0137475         0.0052217         0.0019833
# 32000       168.5850000         0.0148657         0.0052683         0.0018670

#   500         2.5850000         0.0096247         0.0051700         0.0027771
#  1000         5.1170000         0.0102098         0.0051170         0.0025646
#  2000        10.2080000         0.0109147         0.0051040         0.0023868
#  4000        20.3680000         0.0116706         0.0050920         0.0022217
#  8000        35.4030000         0.0108707         0.0044254         0.0018015
# 16000        82.9280000         0.0136456         0.0051830         0.0019687
# 32000       169.0310000         0.0149050         0.0052822         0.0018720

#   500         2.5840000         0.0096210         0.0051680         0.0027760
#  1000         5.1230000         0.0102217         0.0051230         0.0025676
#  2000        10.1960000         0.0109019         0.0050980         0.0023839
#  4000        20.4460000         0.0117153         0.0051115         0.0022302
#  8000        40.6910000         0.0124945         0.0050864         0.0020706
# 16000        86.9340000         0.0143048         0.0054334         0.0020638
# 32000       166.3180000         0.0146658         0.0051974         0.0018419



Cota subestimada: n^0.90
Cota ajustada: n^1.00
Cota sobreestimada: n^1.10



Ordenación por inserción, inicialización descendente
    n             t(n)            t/n^1.90          t/n^2.00          t/n^2.10
#   500       465.2890000         0.0034648         0.0018612         0.0009997
   1000      1840.0000000         0.0036713         0.0018400         0.0009222
   2000      7399.0000000         0.0039556         0.0018498         0.0008650
   4000     30065.0000000         0.0043067         0.0018791         0.0008199
   8000    122046.0000000         0.0046844         0.0019070         0.0007763
  16000    483991.0000000         0.0049775         0.0018906         0.0007181
  32000   1963712.0000000         0.0054112         0.0019177         0.0006796

#   500       464.8260000         0.0034614         0.0018593         0.0009987
   1000      1839.0000000         0.0036693         0.0018390         0.0009217
   2000      7560.0000000         0.0040417         0.0018900         0.0008838
   4000     30337.0000000         0.0043457         0.0018961         0.0008273
   8000    121336.0000000         0.0046571         0.0018959         0.0007718
  16000    483237.0000000         0.0049697         0.0018876         0.0007170
  32000   1934084.0000000         0.0053295         0.0018888         0.0006694

#   500       476.0200000         0.0035447         0.0019041         0.0010228
   1000      1871.0000000         0.0037331         0.0018710         0.0009377
   2000      7869.0000000         0.0042069         0.0019672         0.0009199
   4000     30620.0000000         0.0043862         0.0019138         0.0008350
   8000    121715.0000000         0.0046717         0.0019018         0.0007742
  16000    482232.0000000         0.0049594         0.0018837         0.0007155
  32000   1940815.0000000         0.0053481         0.0018953         0.0006717



Cota subestimada: n^1.90
Cota ajustada: n^2.00
Cota sobreestimada: n^2.10



Ordenación por inserción, inicialización aleatoria
    n             t(n)            t/n^1.90          t/n^2.00          t/n^2.10
#   500       238.7990000         0.0017782         0.0009552         0.0005131
   1000       930.0000000         0.0018556         0.0009300         0.0004661
   2000      3814.0000000         0.0020390         0.0009535         0.0004459
   4000     14928.0000000         0.0021384         0.0009330         0.0004071
   8000     60180.0000000         0.0023098         0.0009403         0.0003828
  16000    242067.0000000         0.0024895         0.0009456         0.0003592
  32000    972086.0000000         0.0026787         0.0009493         0.0003364

#   500       239.3200000         0.0017821         0.0009573         0.0005142
   1000       930.0000000         0.0018556         0.0009300         0.0004661
   2000      3732.0000000         0.0019952         0.0009330         0.0004363
   4000     15337.0000000         0.0021970         0.0009586         0.0004182
   8000     61067.0000000         0.0023439         0.0009542         0.0003884
  16000    243574.0000000         0.0025050         0.0009515         0.0003614
  32000    973433.0000000         0.0026824         0.0009506         0.0003369

#   500       242.4280000         0.0018053         0.0009697         0.0005209
   1000       955.0000000         0.0019055         0.0009550         0.0004786
   2000      3901.0000000         0.0020855         0.0009752         0.0004561
   4000     14971.0000000         0.0021446         0.0009357         0.0004082
   8000     61268.0000000         0.0023516         0.0009573         0.0003897
  16000    241175.0000000         0.0024803         0.0009421         0.0003578
  32000    970199.0000000         0.0026735         0.0009475         0.0003358



Cota subestimada: n^1.90
Cota ajustada: n^2.00
Cota sobreestimada: n^2.10



Ordenación rápida, inicialización ascendente
    n             t(n)            t/n^1.00          t/n^1.07          t/n^1.22
#   500        19.9500000         0.0399000         0.0258253         0.0101672
#  1000        42.7190000         0.0427190         0.0263403         0.0093459
#  2000        91.5080000         0.0457540         0.0268755         0.0085941
#  4000       194.4820000         0.0486205         0.0272066         0.0078409
#  8000       415.6950000         0.0519619         0.0276993         0.0071946
  16000       865.0000000         0.0540625         0.0274541         0.0064267
  32000      1824.0000000         0.0570000         0.0275749         0.0058176

#   500        20.0790000         0.0401580         0.0259923         0.0102329
#  1000        42.9800000         0.0429800         0.0265012         0.0094030
#  2000        91.7840000         0.0458920         0.0269566         0.0086201
#  4000       194.8880000         0.0487220         0.0272634         0.0078573
#  8000       412.1900000         0.0515238         0.0274657         0.0071339
  16000       864.0000000         0.0540000         0.0274224         0.0064193
  32000      1827.0000000         0.0570937         0.0276203         0.0058271

#   500        19.9350000         0.0398700         0.0258059         0.0101595
#  1000        43.0480000         0.0430480         0.0265432         0.0094179
#  2000        93.1670000         0.0465835         0.0273628         0.0087499
#  4000       194.7130000         0.0486782         0.0272390         0.0078502
#  8000       412.6160000         0.0515770         0.0274941         0.0071413
  16000       866.0000000         0.0541250         0.0274859         0.0064342
  32000      2127.0000000         0.0664687         0.0321556         0.0067840



Cota subestimada: n^1.00
Cota ajustada: n^1.07
Cota sobreestimada: n^1.22



Ordenación rápida, inicialización descendente
    n             t(n)            t/n^1.00          t/n^1.07          t/n^1.16
#   500        20.9890000         0.0419780         0.0271703         0.0155305
#  1000        45.0150000         0.0450150         0.0277560         0.0149059
#  2000        95.7190000         0.0478595         0.0281123         0.0141842
#  4000       202.8970000         0.0507242         0.0283838         0.0134551
#  8000       426.6140000         0.0533267         0.0284268         0.0126605
  16000       894.0000000         0.0558750         0.0283745         0.0118729
  32000      1881.0000000         0.0587813         0.0284366         0.0111793

#   500        21.0200000         0.0420400         0.0272104         0.0155535
#  1000        44.5680000         0.0445680         0.0274804         0.0147579
#  2000        95.0500000         0.0475250         0.0279158         0.0140850
#  4000       202.1800000         0.0505450         0.0282835         0.0134075
#  8000       426.3480000         0.0532935         0.0284091         0.0126526
  16000       895.0000000         0.0559375         0.0284063         0.0118862
  32000      1886.0000000         0.0589375         0.0285122         0.0112090

#   500        20.8890000         0.0417780         0.0270408         0.0154565
#  1000        44.7610000         0.0447610         0.0275994         0.0148218
#  2000        97.0290000         0.0485145         0.0284970         0.0143783
#  4000       202.6160000         0.0506540         0.0283445         0.0134364
#  8000       427.3370000         0.0534171         0.0284750         0.0126820
  16000       898.0000000         0.0561250         0.0285015         0.0119261
  32000      1889.0000000         0.0590313         0.0285576         0.0112269



Cota subestimada: n^1.00
Cota ajustada: n^1.07
Cota sobreestimada: n^1.16



Ordenación rápida, inicialización aleatoria
    n             t(n)            t/n^1.00          t/n^1.08          t/n^1.15
#   500        62.5980000         0.1251960         0.0761505         0.0492884
#  1000       136.9200000         0.1369200         0.0787892         0.0485811
#  2000       299.0820000         0.1495410         0.0814100         0.0478196
   4000       646.0000000         0.1615000         0.0831778         0.0465440
   8000      1368.0000000         0.1710000         0.0833199         0.0444153
  16000      2910.0000000         0.1818750         0.0838384         0.0425750
  32000      6238.0000000         0.1949375         0.0850126         0.0411266

#   500        62.4580000         0.1249160         0.0759802         0.0491782
#  1000       136.9410000         0.1369410         0.0788013         0.0485885
#  2000       297.3670000         0.1486835         0.0809432         0.0475454
   4000       638.0000000         0.1595000         0.0821478         0.0459676
   8000      1374.0000000         0.1717500         0.0836853         0.0446101
  16000      2932.0000000         0.1832500         0.0844723         0.0428969
  32000      6259.0000000         0.1955938         0.0852988         0.0412651

#   500        62.5120000         0.1250240         0.0760459         0.0492207
#  1000       137.9010000         0.1379010         0.0793537         0.0489291
#  2000       297.8060000         0.1489030         0.0810627         0.0476156
   4000       649.0000000         0.1622500         0.0835641         0.0467601
   8000      1378.0000000         0.1722500         0.0839290         0.0447400
  16000      2936.0000000         0.1835000         0.0845875         0.0429554
  32000      6241.0000000         0.1950312         0.0850535         0.0411464



Cota subestimada: n^1.00
Cota ajustada: n^1.08
Cota sobreestimada: n^1.15


